0 0.4837696335078534 0.1266181229773463 0.22198952879581152 0.04449838187702265
0 0.6178010471204188 0.12257281553398058 0.018848167539267015 0.03155339805825243
0 0.16858638743455498 0.21642394822006472 0.09005235602094241 0.012135922330097087
0 0.23455497382198953 0.21601941747572814 0.023036649214659685 0.012944983818770227
0 0.27382198952879583 0.21601941747572814 0.0387434554973822 0.012944983818770227
0 0.33717277486910996 0.21601941747572814 0.06701570680628273 0.012944983818770227
0 0.4193717277486911 0.21601941747572814 0.07853403141361257 0.012944983818770227
0 0.5041884816753927 0.21601941747572814 0.07225130890052356 0.012944983818770227
0 0.5827225130890052 0.21601941747572814 0.06806282722513089 0.012944983818770227
0 0.6507853403141362 0.21642394822006472 0.05130890052356021 0.012135922330097087
0 0.7141361256544503 0.21642394822006472 0.05654450261780105 0.012135922330097087
0 0.7738219895287958 0.21601941747572814 0.04397905759162304 0.012944983818770227
0 0.8172774869109948 0.21601941747572814 0.024083769633507852 0.012944983818770227
0 0.856544502617801 0.21601941747572814 0.039790575916230364 0.012944983818770227
0 0.3706806282722513 0.2483818770226537 0.18638743455497384 0.012944983818770227
0 0.5329842931937173 0.25040453074433655 0.12146596858638743 0.01699029126213592
0 0.6225130890052356 0.2483818770226537 0.0387434554973822 0.012944983818770227
0 0.6869109947643979 0.2483818770226537 0.0712041884816754 0.012944983818770227
0 0.15759162303664923 0.3466828478964401 0.0806282722513089 0.01699029126213592
0 0.2356020942408377 0.3446601941747573 0.05863874345549738 0.014563106796116505
0 0.306282722513089 0.34627831715210355 0.06806282722513089 0.01779935275080906
0 0.39842931937172776 0.34627831715210355 0.10366492146596859 0.01779935275080906
0 0.4680628272251309 0.3446601941747573 0.020942408376963352 0.012944983818770227
0 0.4900523560209424 0.3470873786407767 0.010471204188481676 0.009708737864077669
0 0.5413612565445026 0.34506472491909385 0.0774869109947644 0.013754045307443365
0 0.6172774869109947 0.34627831715210355 0.05968586387434555 0.024271844660194174
0 0.6832460732984293 0.34627831715210355 0.06387434554973823 0.024271844660194174
0 0.7403141361256544 0.3446601941747573 0.031413612565445025 0.014563106796116505
0 0.793717277486911 0.34870550161812297 0.060732984293193716 0.012944983818770227
0 0.1612565445026178 0.3794498381877023 0.08586387434554973 0.009708737864077669
0 0.21832460732984293 0.3774271844660194 0.013612565445026177 0.013754045307443365
0 0.25078534031413613 0.37661812297734626 0.0387434554973822 0.013754045307443365
0 0.28900523560209423 0.37702265372168287 0.025130890052356022 0.014563106796116505
0 0.3539267015706806 0.3786407766990291 0.09005235602094241 0.01779935275080906
0 0.41465968586387436 0.3782362459546926 0.020942408376963352 0.012135922330097087
0 0.4701570680628272 0.37702265372168287 0.07539267015706806 0.014563106796116505
0 0.5418848167539267 0.37702265372168287 0.05340314136125655 0.014563106796116505
0 0.6664921465968586 0.3786407766990291 0.181151832460733 0.01779935275080906
0 0.7308900523560209 0.3786407766990291 0.039790575916230364 0.024271844660194174
0 0.7732984293193718 0.3782362459546926 0.019895287958115182 0.012135922330097087
0 0.8235602094240838 0.37702265372168287 0.06806282722513089 0.014563106796116505
0 0.8675392670157068 0.37702265372168287 0.005235602094240838 0.012944983818770227
0 0.13717277486910995 0.40898058252427183 0.039790575916230364 0.013754045307443365
0 0.19790575916230366 0.41140776699029125 0.06910994764397906 0.01699029126213592
0 0.2534031413612565 0.41140776699029125 0.027225130890052355 0.00889967637540453
0 0.3225130890052356 0.40898058252427183 0.09842931937172775 0.013754045307443365
0 0.4083769633507853 0.4110032362459547 0.060732984293193716 0.024271844660194174
0 0.4743455497382199 0.4110032362459547 0.06282722513089005 0.024271844660194174
0 0.5246073298429319 0.40938511326860844 0.016753926701570682 0.012944983818770227
0 0.5591623036649215 0.41140776699029125 0.039790575916230364 0.00889967637540453
0 0.6382198952879581 0.4110032362459547 0.10366492146596859 0.01779935275080906
0 0.7465968586387435 0.41140776699029125 0.09842931937172775 0.00889967637540453
0 0.812565445026178 0.41019417475728154 0.020942408376963352 0.011326860841423949
0 0.14554973821989528 0.44215210355987056 0.05445026178010471 0.012135922330097087
0 0.21465968586387435 0.44336569579288027 0.0712041884816754 0.014563106796116505
0 0.2837696335078534 0.4441747572815534 0.05654450261780105 0.016181229773462782
0 0.3298429319371728 0.44336569579288027 0.023036649214659685 0.009708737864077669
0 0.38010471204188484 0.4413430420711974 0.06492146596858639 0.013754045307443365
0 0.43036649214659684 0.44215210355987056 0.020942408376963352 0.012135922330097087
0 0.4732984293193717 0.4425566343042071 0.05445026178010471 0.016181229773462782
0 0.5712041884816754 0.4425566343042071 0.12879581151832462 0.016181229773462782
0 0.6633507853403141 0.4413430420711974 0.040837696335078534 0.013754045307443365
0 0.7010471204188482 0.4413430420711974 0.019895287958115182 0.013754045307443365
0 0.737696335078534 0.4413430420711974 0.040837696335078534 0.013754045307443365
0 0.17905759162303664 0.4733009708737864 0.12356020942408377 0.014563106796116505
0 0.268586387434555 0.47572815533980584 0.040837696335078534 0.009708737864077669
0 0.32356020942408376 0.47451456310679613 0.05654450261780105 0.01699029126213592
0 0.3738219895287958 0.47572815533980584 0.027225130890052355 0.009708737864077669
0 0.39057591623036647 0.4749190938511327 0.016753926701570682 0.024271844660194174
0 0.43036649214659684 0.4749190938511327 0.03769633507853403 0.01779935275080906
0 0.47591623036649217 0.4733009708737864 0.040837696335078534 0.014563106796116505
0 0.5261780104712042 0.4733009708737864 0.04502617801047121 0.014563106796116505
0 0.5895287958115183 0.4733009708737864 0.06701570680628273 0.014563106796116505
0 0.6335078534031413 0.4733009708737864 0.0062827225130890054 0.012944983818770227
0 0.6701570680628273 0.4733009708737864 0.05445026178010471 0.014563106796116505
0 0.7219895287958115 0.47451456310679613 0.03664921465968586 0.012135922330097087
0 0.7858638743455497 0.4733009708737864 0.0806282722513089 0.014563106796116505
0 0.15654450261780103 0.5072815533980582 0.07643979057591622 0.01779935275080906
0 0.2094240837696335 0.5068770226537217 0.020942408376963352 0.012135922330097087
0 0.2649214659685864 0.508495145631068 0.07539267015706806 0.015372168284789644
0 0.362303664921466 0.5056634304207119 0.11099476439790576 0.014563106796116505
0 0.4350785340314136 0.5080906148867314 0.02198952879581152 0.009708737864077669
0 0.45968586387434557 0.5060679611650486 0.014659685863874346 0.013754045307443365
0 0.49267015706806283 0.5080906148867314 0.0387434554973822 0.009708737864077669
0 0.5308900523560209 0.5056634304207119 0.025130890052356022 0.014563106796116505
0 0.5617801047120419 0.5056634304207119 0.02198952879581152 0.014563106796116505
0 0.5916230366492147 0.5080906148867314 0.027225130890052355 0.009708737864077669
0 0.6560209424083769 0.5072815533980582 0.08900523560209424 0.01779935275080906
0 0.7806282722513089 0.5097087378640777 0.14554973821989528 0.012944983818770227
0 0.12879581151832462 0.5388349514563107 0.020942408376963352 0.011326860841423949
0 0.16282722513089004 0.537621359223301 0.03455497382198953 0.013754045307443365
0 0.2256544502617801 0.5392394822006472 0.07643979057591622 0.01699029126213592
0 0.27905759162303667 0.5380258899676376 0.019895287958115182 0.012944983818770227
0 0.3157068062827225 0.537621359223301 0.040837696335078534 0.013754045307443365
0 0.3712041884816754 0.5408576051779935 0.05549738219895288 0.015372168284789644
0 0.4178010471204188 0.537621359223301 0.023036649214659685 0.013754045307443365
0 0.45078534031413614 0.537621359223301 0.03455497382198953 0.013754045307443365
0 0.5235602094240838 0.537621359223301 0.09633507853403141 0.013754045307443365
0 0.587958115183246 0.5388349514563107 0.019895287958115182 0.011326860841423949
0 0.6172774869109947 0.537621359223301 0.02617801047120419 0.013754045307443365
0 0.6748691099476439 0.540453074433657 0.07643979057591622 0.014563106796116505
0 0.737696335078534 0.537621359223301 0.03455497382198953 0.013754045307443365
0 0.7879581151832461 0.5380258899676376 0.049214659685863874 0.012944983818770227
0 0.830890052356021 0.537621359223301 0.02198952879581152 0.013754045307443365
0 0.16963350785340314 0.5720064724919094 0.10261780104712041 0.01779935275080906
0 0.26230366492146595 0.5699838187702265 0.07015706806282722 0.013754045307443365
0 0.33507853403141363 0.5720064724919094 0.060732984293193716 0.009708737864077669
0 0.38167539267015704 0.5703883495145631 0.015706806282722512 0.012944983818770227
0 0.4418848167539267 0.5720064724919094 0.09214659685863874 0.01779935275080906
0 0.5047120418848168 0.5711974110032363 0.020942408376963352 0.011326860841423949
0 0.5387434554973822 0.5699838187702265 0.03455497382198953 0.013754045307443365
0 0.5900523560209424 0.5699838187702265 0.05340314136125655 0.013754045307443365
0 0.6345549738219896 0.5699838187702265 0.023036649214659685 0.013754045307443365
0 0.6701570680628273 0.5699838187702265 0.039790575916230364 0.013754045307443365
0 0.7413612565445026 0.5720064724919094 0.08795811518324607 0.01779935275080906
0 0.13664921465968585 0.6298543689320388 0.03455497382198953 0.013754045307443365
0 0.16544502617801046 0.6318770226537217 0.010471204188481676 0.009708737864077669
0 0.20157068062827224 0.6314724919093851 0.04712041884816754 0.01699029126213592
0 0.2570680628272251 0.6298543689320388 0.049214659685863874 0.013754045307443365
0 0.31518324607329845 0.6298543689320388 0.05235602094240838 0.013754045307443365
0 0.3549738219895288 0.6298543689320388 0.014659685863874346 0.013754045307443365
0 0.3879581151832461 0.6318770226537217 0.040837696335078534 0.009708737864077669
0 0.4607329842931937 0.6298543689320388 0.09214659685863874 0.013754045307443365
0 0.5345549738219896 0.6298543689320388 0.04293193717277487 0.013754045307443365
0 0.5827225130890052 0.6298543689320388 0.040837696335078534 0.013754045307443365
0 0.6408376963350786 0.6298543689320388 0.06282722513089005 0.013754045307443365
0 0.6900523560209424 0.6298543689320388 0.023036649214659685 0.013754045307443365
0 0.7445026178010471 0.6318770226537217 0.0774869109947644 0.009708737864077669
0 0.8089005235602095 0.6298543689320388 0.040837696335078534 0.013754045307443365
0 0.1612565445026178 0.6630258899676376 0.08586387434554973 0.01699029126213592
0 0.22198952879581152 0.6634304207119741 0.025130890052356022 0.01779935275080906
0 0.2591623036649215 0.6618122977346278 0.03455497382198953 0.014563106796116505
0 0.31780104712041884 0.6634304207119741 0.07015706806282722 0.01779935275080906
0 0.4073298429319372 0.6658576051779935 0.09633507853403141 0.012944983818770227
0 0.4675392670157068 0.6622168284789643 0.013612565445026177 0.013754045307443365
0 0.5350785340314136 0.6618122977346278 0.1068062827225131 0.014563106796116505
0 0.6005235602094241 0.6642394822006472 0.011518324607329843 0.009708737864077669
0 0.6497382198952879 0.6630258899676376 0.0743455497382199 0.012135922330097087
0 0.7052356020942409 0.6618122977346278 0.02198952879581152 0.014563106796116505
0 0.7916230366492146 0.6618122977346278 0.1424083769633508 0.014563106796116505
0 0.15026178010471203 0.6941747572815534 0.06387434554973823 0.014563106796116505
0 0.23455497382198953 0.6941747572815534 0.09214659685863874 0.014563106796116505
0 0.30471204188481676 0.6941747572815534 0.0356020942408377 0.014563106796116505
0 0.35706806282722514 0.6941747572815534 0.05445026178010471 0.014563106796116505
0 0.4246073298429319 0.6941747572815534 0.06806282722513089 0.014563106796116505
0 0.5047120418848168 0.69457928802589 0.07958115183246073 0.013754045307443365
0 0.5617801047120419 0.6953883495145631 0.019895287958115182 0.012135922330097087
0 0.6026178010471204 0.6941747572815534 0.049214659685863874 0.014563106796116505
0 0.6534031413612565 0.698220064724919 0.039790575916230364 0.012944983818770227
0 0.7104712041884816 0.6966019417475728 0.061780104712041886 0.009708737864077669
0 0.7586387434554974 0.6953883495145631 0.019895287958115182 0.012135922330097087
0 0.7900523560209424 0.6953883495145631 0.030366492146596858 0.01699029126213592
0 0.8230366492146597 0.6941747572815534 0.020942408376963352 0.012944983818770227
0 0.15130890052356022 0.7261326860841424 0.06806282722513089 0.013754045307443365
0 0.21518324607329842 0.7285598705501618 0.04712041884816754 0.00889967637540453
0 0.2534031413612565 0.7265372168284789 0.014659685863874346 0.012944983818770227
0 0.2753926701570681 0.7265372168284789 0.016753926701570682 0.012944983818770227
0 0.3471204188481675 0.7261326860841424 0.11413612565445026 0.013754045307443365
0 0.43926701570680626 0.7285598705501618 0.05759162303664921 0.00889967637540453
0 0.5005235602094241 0.7261326860841424 0.050261780104712044 0.013754045307443365
0 0.5806282722513089 0.7281553398058253 0.09738219895287958 0.01779935275080906
0 0.6575916230366492 0.7261326860841424 0.04397905759162304 0.013754045307443365
0 0.7151832460732984 0.7261326860841424 0.05863874345549738 0.013754045307443365
0 0.8020942408376963 0.7265372168284789 0.10052356020942409 0.012944983818770227
0 0.15130890052356022 0.758495145631068 0.06806282722513089 0.013754045307443365
0 0.22356020942408378 0.7605177993527508 0.061780104712041886 0.009708737864077669
0 0.2869109947643979 0.758495145631068 0.050261780104712044 0.013754045307443365
0 0.37329842931937174 0.7605177993527508 0.10785340314136126 0.01779935275080906
0 0.4476439790575916 0.7617313915857605 0.02617801047120419 0.012135922330097087
0 0.4738219895287958 0.758495145631068 0.015706806282722512 0.013754045307443365
0 0.5099476439790576 0.7605177993527508 0.048167539267015703 0.01779935275080906
0 0.5638743455497383 0.7597087378640777 0.04502617801047121 0.016181229773462782
0 0.6130890052356021 0.758495145631068 0.04293193717277487 0.013754045307443365
0 0.6712041884816754 0.7605177993527508 0.060732984293193716 0.01779935275080906
0 0.768586387434555 0.7605177993527508 0.11727748691099477 0.01779935275080906
0 0.15287958115183245 0.7908576051779935 0.0712041884816754 0.013754045307443365
0 0.20052356020942408 0.7928802588996764 0.011518324607329843 0.009708737864077669
0 0.24921465968586387 0.7924757281553398 0.07329842931937172 0.01699029126213592
0 0.30471204188481676 0.7908576051779935 0.023036649214659685 0.013754045307443365
0 0.3544502617801047 0.7924757281553398 0.06806282722513089 0.023462783171521034
0 0.41727748691099475 0.7924757281553398 0.049214659685863874 0.01699029126213592
0 0.481151832460733 0.7908576051779935 0.06806282722513089 0.013754045307443365
0 0.5471204188481675 0.7908576051779935 0.049214659685863874 0.013754045307443365
0 0.6350785340314136 0.7924757281553398 0.11204188481675392 0.01699029126213592
0 0.7141361256544503 0.7908576051779935 0.0356020942408377 0.013754045307443365
0 0.8041884816753927 0.7908576051779935 0.12984293193717278 0.013754045307443365
0 0.14921465968586387 0.823220064724919 0.061780104712041886 0.013754045307443365
0 0.1973821989528796 0.823220064724919 0.02198952879581152 0.013754045307443365
0 0.24293193717277486 0.8248381877022654 0.060732984293193716 0.01699029126213592
0 0.29790575916230366 0.823220064724919 0.03455497382198953 0.013754045307443365
0 0.35026178010471204 0.8240291262135923 0.05549738219895288 0.012135922330097087
0 0.4256544502617801 0.823220064724919 0.08272251308900523 0.013754045307443365
0 0.4942408376963351 0.823220064724919 0.039790575916230364 0.013754045307443365
0 0.5617801047120419 0.823220064724919 0.0806282722513089 0.013754045307443365
0 0.6628272251308901 0.8248381877022654 0.1068062827225131 0.01699029126213592
0 0.7345549738219895 0.823220064724919 0.02198952879581152 0.013754045307443365
0 0.8073298429319372 0.8248381877022654 0.11518324607329843 0.01699029126213592
0 0.15287958115183245 0.8563915857605178 0.06910994764397906 0.012135922330097087
0 0.20418848167539266 0.8551779935275081 0.020942408376963352 0.012944983818770227
0 0.23821989528795812 0.8551779935275081 0.03455497382198953 0.014563106796116505
0 0.31518324607329845 0.8551779935275081 0.10471204188481675 0.014563106796116505
0 0.3863874345549738 0.8551779935275081 0.023036649214659685 0.014563106796116505
0 0.4214659685863874 0.8592233009708737 0.0387434554973822 0.012944983818770227
0 0.4664921465968586 0.8592233009708737 0.03664921465968586 0.012944983818770227
0 0.5031413612565445 0.8576051779935275 0.02198952879581152 0.009708737864077669
0 0.5717277486910994 0.8567961165048543 0.10052356020942409 0.01779935275080906
