0 0.06285714285714286 0.1125 0.06571428571428571 0.11136363636363636
0 0.19714285714285715 0.1318181818181818 0.15142857142857144 0.07272727272727272
0 0.3692857142857143 0.11022727272727273 0.13 0.1159090909090909
0 0.55 0.11022727272727273 0.17142857142857143 0.12045454545454545
0 0.7128571428571429 0.11022727272727273 0.09142857142857143 0.1159090909090909
0 0.15071428571428572 0.31477272727272726 0.24714285714285714 0.1340909090909091
0 0.3364285714285714 0.30227272727272725 0.05857142857142857 0.10909090909090909
0 0.4657142857142857 0.32045454545454544 0.15142857142857144 0.07272727272727272
0 0.6385714285714286 0.2988636363636364 0.13142857142857142 0.1159090909090909
0 0.8464285714285714 0.31477272727272726 0.23285714285714285 0.08409090909090909
0 0.07357142857142857 0.4875 0.09285714285714286 0.1159090909090909
0 0.2621428571428571 0.5034090909090909 0.24714285714285714 0.1340909090909091
0 0.44642857142857145 0.4909090909090909 0.05857142857142857 0.10909090909090909
0 0.5771428571428572 0.509090909090909 0.15142857142857144 0.07272727272727272
0 0.7492857142857143 0.4875 0.13 0.1159090909090909
0 0.9128571428571428 0.5295454545454545 0.13142857142857142 0.11363636363636363
0 0.07357142857142857 0.6761363636363636 0.09285714285714286 0.1159090909090909
0 0.3057142857142857 0.6875 0.3457142857142857 0.1431818181818182
0 0.5407142857142857 0.6795454545454546 0.05857142857142857 0.10454545454545454
0 0.67 0.6977272727272728 0.15142857142857144 0.07272727272727272
0 0.8428571428571429 0.6761363636363636 0.13142857142857142 0.1159090909090909
0 0.09428571428571429 0.9068181818181819 0.13142857142857142 0.11363636363636363
0 0.23785714285714285 0.8636363636363636 0.09285714285714286 0.11818181818181818
0 0.5664285714285714 0.8636363636363636 0.5242857142857142 0.11818181818181818
